17 22 150 12
S 0 0 0 0 0 0 0 0 S3 0 0 0 0 0 0 -1 0 0 0 0 S1
0 0 0 0 -1 F1 0 0 0 -1 F1 0 0 0 0 0 -1 0 0 0 0 0
0 0 0 0 -1 0 0 0 0 -1 0 0 -1 -1 -1 -1 -1 0 0 -1 0 0
-1 -1 -1 -1 -1 -1 0 0 0 -1 0 0 0 0 0 G6 -1 0 0 -1 0 0
G8 G5 -1 S8 0 0 0 0 0 -1 0 0 -1 0 0 0 -1 G2 0 -1 F1 0
0 0 -1 0 0 0 0 0 0 -1 0 0 -1 0 0 -1 -1 -1 -1 -1 0 0
0 0 -1 0 0 0 F1 0 0 -1 -1 -1 -1 0 0 0 0 0 0 -1 0 0
0 F1 -1 0 0 0 0 0 0 0 0 0 -1 0 0 F1 0 0 0 0 0 0
S6 -1 -1 -1 -1 -1 -1 -1 0 0 0 S7 -1 0 0 0 0 0 -1 -1 -1 -1
0 0 0 -1 0 0 0 0 0 0 -1 -1 -1 -1 -1 -1 0 0 0 0 G4 S5
0 0 0 -1 0 0 0 0 0 0 0 0 0 0 0 -1 -1 -1 -1 -1 -1 -1
0 0 0 -1 G1 0 0 0 0 -1 0 0 0 0 0 -1 0 G7 0 0 0 0
0 0 F1 -1 -1 -1 -1 0 0 -1 0 F1 -1 -1 -1 -1 -1 0 0 0 0 0
0 0 0 -1 0 0 0 0 0 0 0 0 0 0 0 G3 -1 0 0 0 0 0
0 0 0 0 0 0 0 F1 0 0 0 0 0 0 0 0 -1 0 0 0 0 0
0 0 0 0 0 0 0 -1 -1 -1 -1 -1 -1 -1 -1 -1 -1 F1 0 0 0 0
S2 0 0 0 0 0 0 0 0 S4 F1 0 0 0 0 0 0 0 0 0 0 G