15 15 50 30
0 -1 0 0 0 -1 0 0 0 0 -1 0 F1 0 0
-1 0 0 -1 0 0 0 -1 0 0 0 -1 0 0 -1
0 0 -1 0 0 -1 0 0 0 -1 0 0 0 -1 0
0 -1 0 0 0 0 -1 F3 0 0 0 -1 0 0 0
-1 0 0 0 -1 0 0 0 -1 0 0 0 -1 0 0
0 0 -1 0 0 9 0 -1 0 0 -1 0 0 0 -1
0 -1 0 0 -1 0 0 0 0 -1 0 0 F6 -1 0
-1 0 0 0 0 -1 S 0 -1 0 0 0 0 0 0
0 0 -1 F7 0 0 0 -1 0 0 0 -1 0 0 0
0 -1 0 0 -1 0 0 0 0 -1 0 0 0 -1 13
-1 0 0 0 0 -1 0 0 -1 0 0 0 -1 0 0
0 0 -1 5 0 0 -1 0 0 0 -1 G 0 0 0
0 -1 0 0 0 -1 0 0 -1 F5 0 0 0 -1 0
F4 0 0 -1 0 0 0 -1 0 0 0 -1 0 0 0
0 0 -1 0 0 -1 0 0 0 -1 0 0 0 -1 8